     Alt      Temp       Den      Press      H2O       CH4      C2H6       CO2      O2         O3        CO       H2CO       HNO3     NO2        SO2      OCS 
  2.500E+04 2.853E+02 2.490E+19 9.804E-01 1.108E-02 1.858E-02 1.256E-05 2.000E-01 2.353E-13 6.628E-21 3.777E-04 4.788E-10 1.278E-19 6.882E-15 4.894E-11 1.887E-08
  7.500E+04 2.825E+02 2.356E+19 9.187E-01 9.208E-03 1.858E-02 1.256E-05 2.000E-01 2.240E-13 9.840E-21 3.778E-04 5.501E-10 1.466E-19 6.546E-15 7.560E-11 1.884E-08
  1.250E+05 2.797E+02 2.229E+19 8.603E-01 7.579E-03 1.858E-02 1.256E-05 2.000E-01 2.179E-13 1.411E-20 3.778E-04 6.258E-10 1.727E-19 6.365E-15 9.116E-11 1.877E-08
  1.750E+05 2.767E+02 2.108E+19 8.050E-01 6.159E-03 1.858E-02 1.256E-05 2.000E-01 2.161E-13 1.983E-20 3.778E-04 6.962E-10 2.082E-19 6.411E-15 9.798E-11 1.862E-08
  2.250E+05 2.737E+02 1.993E+19 7.528E-01 4.947E-03 1.858E-02 1.256E-05 2.000E-01 2.181E-13 2.758E-20 3.778E-04 7.547E-10 2.542E-19 6.668E-15 9.836E-11 1.841E-08
  2.750E+05 2.707E+02 1.883E+19 7.035E-01 3.882E-03 1.858E-02 1.256E-05 2.000E-01 2.235E-13 3.803E-20 3.779E-04 7.969E-10 3.121E-19 7.132E-15 9.442E-11 1.811E-08
  3.250E+05 2.676E+02 1.779E+19 6.569E-01 2.985E-03 1.858E-02 1.256E-05 2.000E-01 2.322E-13 5.286E-20 3.779E-04 8.203E-10 3.862E-19 7.814E-15 8.778E-11 1.774E-08
  3.750E+05 2.644E+02 1.680E+19 6.128E-01 2.243E-03 1.858E-02 1.256E-05 2.000E-01 2.439E-13 7.473E-20 3.779E-04 8.245E-10 4.836E-19 8.752E-15 7.973E-11 1.729E-08
  4.250E+05 2.609E+02 1.587E+19 5.713E-01 1.643E-03 1.858E-02 1.256E-05 2.000E-01 2.590E-13 1.079E-19 3.780E-04 8.104E-10 6.163E-19 1.003E-14 7.124E-11 1.679E-08
  4.750E+05 2.572E+02 1.499E+19 5.320E-01 1.170E-03 1.858E-02 1.256E-05 2.000E-01 2.774E-13 1.593E-19 3.780E-04 7.801E-10 8.030E-19 1.179E-14 6.301E-11 1.622E-08
  5.250E+05 2.533E+02 1.416E+19 4.949E-01 8.075E-04 1.858E-02 1.256E-05 2.000E-01 2.994E-13 2.407E-19 3.780E-04 7.358E-10 1.074E-18 1.429E-14 5.556E-11 1.562E-08
  5.750E+05 2.492E+02 1.338E+19 4.599E-01 5.387E-04 1.858E-02 1.256E-05 2.000E-01 3.231E-13 3.685E-19 3.781E-04 6.801E-10 1.476E-18 1.788E-14 4.923E-11 1.500E-08
  6.250E+05 2.448E+02 1.263E+19 4.268E-01 3.467E-04 1.858E-02 1.256E-05 2.000E-01 3.192E-13 5.239E-19 3.781E-04 6.160E-10 2.085E-18 2.234E-14 4.440E-11 1.436E-08
  6.750E+05 2.402E+02 1.193E+19 3.956E-01 2.145E-04 1.858E-02 1.256E-05 2.000E-01 2.886E-13 6.920E-19 3.782E-04 5.462E-10 3.033E-18 2.899E-14 4.154E-11 1.373E-08
  7.250E+05 2.355E+02 1.126E+19 3.661E-01 1.278E-04 1.858E-02 1.256E-05 2.000E-01 2.607E-13 9.216E-19 3.782E-04 4.739E-10 4.541E-18 4.070E-14 4.147E-11 1.311E-08
  7.750E+05 2.306E+02 1.063E+19 3.383E-01 7.343E-05 1.858E-02 1.256E-05 2.000E-01 2.376E-13 1.246E-18 3.782E-04 4.025E-10 6.938E-18 6.043E-14 4.538E-11 1.251E-08
  8.250E+05 2.257E+02 1.002E+19 3.120E-01 4.066E-05 1.858E-02 1.256E-05 2.000E-01 2.206E-13 1.718E-18 3.783E-04 3.357E-10 1.069E-17 9.229E-14 5.502E-11 1.196E-08
  8.750E+05 2.206E+02 9.437E+18 2.873E-01 2.170E-05 1.858E-02 1.256E-05 2.000E-01 2.131E-13 2.452E-18 3.783E-04 2.777E-10 1.638E-17 1.418E-13 7.256E-11 1.146E-08
  9.250E+05 2.155E+02 8.878E+18 2.640E-01 1.116E-05 1.858E-02 1.256E-05 2.000E-01 2.236E-13 3.759E-18 3.784E-04 2.311E-10 2.473E-17 2.164E-13 1.003E-10 1.101E-08
  9.750E+05 2.104E+02 8.342E+18 2.421E-01 5.524E-06 1.858E-02 1.256E-05 2.000E-01 2.705E-13 6.538E-18 3.784E-04 1.967E-10 3.670E-17 3.256E-13 1.411E-10 1.062E-08
  1.025E+06 2.052E+02 7.827E+18 2.216E-01 2.628E-06 1.858E-02 1.256E-05 2.000E-01 3.841E-13 1.301E-17 3.785E-04 1.746E-10 5.341E-17 4.760E-13 1.979E-10 1.025E-08
  1.075E+06 2.002E+02 7.324E+18 2.024E-01 1.244E-06 1.858E-02 1.256E-05 2.000E-01 5.957E-13 2.718E-17 3.786E-04 1.640E-10 7.645E-17 6.614E-13 2.747E-10 9.884E-09
  1.125E+06 1.993E+02 6.710E+18 1.846E-01 9.945E-07 1.858E-02 1.256E-05 2.000E-01 7.095E-13 3.674E-17 3.788E-04 1.720E-10 1.041E-16 7.685E-13 3.659E-10 9.428E-09
  1.175E+06 1.987E+02 6.137E+18 1.683E-01 8.664E-07 1.858E-02 1.255E-05 2.000E-01 9.245E-13 5.220E-17 3.791E-04 1.953E-10 1.339E-16 8.393E-13 4.699E-10 8.891E-09
  1.225E+06 1.981E+02 5.610E+18 1.534E-01 8.191E-07 1.858E-02 1.255E-05 2.000E-01 1.165E-12 7.034E-17 3.795E-04 2.249E-10 1.639E-16 9.039E-13 5.743E-10 8.384E-09
  1.275E+06 1.974E+02 5.129E+18 1.397E-01 7.996E-07 1.858E-02 1.254E-05 2.000E-01 1.469E-12 9.432E-17 3.801E-04 2.567E-10 1.978E-16 9.809E-13 6.837E-10 7.901E-09
  1.325E+06 1.967E+02 4.688E+18 1.273E-01 7.833E-07 1.858E-02 1.253E-05 2.000E-01 1.891E-12 1.294E-16 3.811E-04 2.899E-10 2.406E-16 1.081E-12 8.043E-10 7.382E-09
  1.375E+06 1.960E+02 4.285E+18 1.159E-01 7.626E-07 1.858E-02 1.252E-05 2.000E-01 2.506E-12 1.838E-16 3.825E-04 3.232E-10 2.965E-16 1.218E-12 9.274E-10 6.820E-09
  1.425E+06 1.952E+02 3.917E+18 1.055E-01 7.368E-07 1.858E-02 1.250E-05 2.000E-01 3.429E-12 2.708E-16 3.843E-04 3.554E-10 3.703E-16 1.406E-12 1.043E-09 6.238E-09
  1.475E+06 1.943E+02 3.579E+18 9.599E-02 7.066E-07 1.858E-02 1.247E-05 2.000E-01 4.838E-12 4.144E-16 3.866E-04 3.860E-10 4.684E-16 1.659E-12 1.143E-09 5.632E-09
  1.525E+06 1.934E+02 3.271E+18 8.731E-02 6.729E-07 1.857E-02 1.244E-05 2.000E-01 7.040E-12 6.595E-16 3.893E-04 4.147E-10 5.988E-16 1.991E-12 1.222E-09 4.990E-09
  1.575E+06 1.925E+02 2.987E+18 7.938E-02 6.375E-07 1.857E-02 1.241E-05 2.000E-01 1.050E-11 1.086E-15 3.925E-04 4.405E-10 7.666E-16 2.406E-12 1.275E-09 4.318E-09
  1.625E+06 1.916E+02 2.728E+18 7.213E-02 6.016E-07 1.857E-02 1.237E-05 2.000E-01 1.595E-11 1.841E-15 3.963E-04 4.635E-10 9.719E-16 2.891E-12 1.304E-09 3.628E-09
  1.675E+06 1.907E+02 2.490E+18 6.552E-02 5.660E-07 1.857E-02 1.232E-05 2.000E-01 2.458E-11 3.203E-15 4.005E-04 4.839E-10 1.207E-15 3.408E-12 1.318E-09 2.937E-09
  1.725E+06 1.897E+02 2.272E+18 5.949E-02 5.313E-07 1.857E-02 1.228E-05 2.000E-01 3.867E-11 5.776E-15 4.052E-04 5.029E-10 1.458E-15 3.908E-12 1.331E-09 2.259E-09
  1.775E+06 1.888E+02 2.072E+18 5.399E-02 4.974E-07 1.857E-02 1.223E-05 2.000E-01 6.381E-11 1.113E-14 4.104E-04 5.217E-10 1.708E-15 4.343E-12 1.352E-09 1.602E-09
  1.825E+06 1.878E+02 1.889E+18 4.897E-02 4.642E-07 1.856E-02 1.218E-05 2.000E-01 1.186E-10 2.470E-14 4.159E-04 5.415E-10 1.950E-15 4.675E-12 1.385E-09 9.802E-10
  1.875E+06 1.868E+02 1.722E+18 4.440E-02 4.316E-07 1.856E-02 1.212E-05 2.000E-01 2.967E-10 7.468E-14 4.219E-04 5.619E-10 2.207E-15 4.894E-12 1.407E-09 4.461E-10
  1.925E+06 1.858E+02 1.569E+18 4.023E-02 3.997E-07 1.856E-02 1.207E-05 2.000E-01 9.758E-10 2.772E-13 4.283E-04 5.791E-10 2.561E-15 5.017E-12 1.296E-09 1.427E-10
  1.975E+06 1.848E+02 1.429E+18 3.644E-02 3.690E-07 1.855E-02 1.201E-05 2.000E-01 2.414E-09 7.141E-13 4.349E-04 5.960E-10 2.950E-15 5.013E-12 1.075E-09 4.486E-11
  2.025E+06 1.838E+02 1.300E+18 3.298E-02 3.398E-07 1.855E-02 1.196E-05 2.000E-01 4.560E-09 1.382E-12 4.417E-04 6.177E-10 3.242E-15 4.862E-12 8.625E-10 1.613E-11
  2.075E+06 1.828E+02 1.183E+18 2.984E-02 3.127E-07 1.855E-02 1.190E-05 2.000E-01 7.411E-09 2.305E-12 4.488E-04 6.449E-10 3.398E-15 4.589E-12 6.870E-10 6.662E-12
  2.125E+06 1.818E+02 1.076E+18 2.699E-02 2.880E-07 1.854E-02 1.185E-05 2.000E-01 1.098E-08 3.519E-12 4.561E-04 6.775E-10 3.425E-15 4.235E-12 5.473E-10 3.053E-12
  2.175E+06 1.808E+02 9.773E+17 2.439E-02 2.656E-07 1.854E-02 1.180E-05 2.000E-01 1.524E-08 5.050E-12 4.636E-04 7.153E-10 3.350E-15 3.837E-12 4.377E-10 1.507E-12
  2.225E+06 1.799E+02 8.875E+17 2.203E-02 2.454E-07 1.854E-02 1.174E-05 2.000E-01 2.017E-08 6.914E-12 4.713E-04 7.580E-10 3.200E-15 3.425E-12 3.522E-10 7.861E-13
  2.275E+06 1.789E+02 8.055E+17 1.989E-02 2.268E-07 1.853E-02 1.169E-05 2.000E-01 2.576E-08 9.118E-12 4.792E-04 8.055E-10 3.000E-15 3.017E-12 2.855E-10 4.273E-13
  2.325E+06 1.780E+02 7.307E+17 1.795E-02 2.096E-07 1.853E-02 1.164E-05 2.000E-01 3.205E-08 1.166E-11 4.873E-04 8.573E-10 2.768E-15 2.626E-12 2.333E-10 2.402E-13
  2.375E+06 1.770E+02 6.625E+17 1.619E-02 1.936E-07 1.852E-02 1.159E-05 2.000E-01 3.910E-08 1.453E-11 4.956E-04 9.130E-10 2.517E-15 2.260E-12 1.923E-10 1.390E-13
  2.425E+06 1.761E+02 6.004E+17 1.459E-02 1.788E-07 1.852E-02 1.155E-05 2.000E-01 4.699E-08 1.768E-11 5.042E-04 9.724E-10 2.257E-15 1.924E-12 1.600E-10 8.261E-14
  2.475E+06 1.752E+02 5.437E+17 1.314E-02 1.654E-07 1.852E-02 1.150E-05 2.000E-01 5.582E-08 2.107E-11 5.129E-04 1.035E-09 1.994E-15 1.619E-12 1.346E-10 5.045E-14
  2.525E+06 1.743E+02 4.921E+17 1.183E-02 1.539E-07 1.851E-02 1.146E-05 2.000E-01 6.567E-08 2.459E-11 5.220E-04 1.103E-09 1.735E-15 1.347E-12 1.145E-10 3.168E-14
  2.575E+06 1.734E+02 4.450E+17 1.065E-02 1.445E-07 1.851E-02 1.141E-05 2.000E-01 7.665E-08 2.814E-11 5.314E-04 1.175E-09 1.485E-15 1.108E-12 9.856E-11 2.047E-14
  2.625E+06 1.727E+02 4.021E+17 9.581E-03 1.374E-07 1.850E-02 1.137E-05 2.000E-01 8.890E-08 3.160E-11 5.412E-04 1.252E-09 1.250E-15 9.006E-13 8.579E-11 1.361E-14
  2.675E+06 1.720E+02 3.630E+17 8.615E-03 1.326E-07 1.850E-02 1.133E-05 2.000E-01 1.026E-07 3.487E-11 5.513E-04 1.336E-09 1.033E-15 7.239E-13 7.555E-11 9.306E-15
  2.725E+06 1.714E+02 3.274E+17 7.743E-03 1.300E-07 1.849E-02 1.129E-05 2.000E-01 1.178E-07 3.789E-11 5.620E-04 1.425E-09 8.408E-16 5.760E-13 6.731E-11 6.539E-15
  2.775E+06 1.708E+02 2.951E+17 6.957E-03 1.291E-07 1.849E-02 1.125E-05 2.000E-01 1.349E-07 4.063E-11 5.730E-04 1.520E-09 6.746E-16 4.547E-13 6.072E-11 4.717E-15
  2.825E+06 1.703E+02 2.658E+17 6.249E-03 1.296E-07 1.848E-02 1.121E-05 2.000E-01 1.542E-07 4.311E-11 5.844E-04 1.617E-09 5.353E-16 3.571E-13 5.545E-11 3.486E-15
  2.875E+06 1.699E+02 2.394E+17 5.611E-03 1.304E-07 1.848E-02 1.117E-05 2.000E-01 1.764E-07 4.549E-11 5.965E-04 1.716E-09 4.210E-16 2.793E-13 5.119E-11 2.621E-15
  2.925E+06 1.694E+02 2.155E+17 5.037E-03 1.304E-07 1.847E-02 1.113E-05 2.000E-01 2.025E-07 4.799E-11 6.092E-04 1.812E-09 3.291E-16 2.180E-13 4.772E-11 1.994E-15
  2.975E+06 1.688E+02 1.941E+17 4.521E-03 1.287E-07 1.846E-02 1.109E-05 2.000E-01 2.338E-07 5.081E-11 6.228E-04 1.903E-09 2.567E-16 1.703E-13 4.491E-11 1.530E-15
  3.025E+06 1.682E+02 1.748E+17 4.055E-03 1.250E-07 1.846E-02 1.105E-05 2.000E-01 2.717E-07 5.413E-11 6.370E-04 1.987E-09 2.007E-16 1.336E-13 4.263E-11 1.180E-15
  3.075E+06 1.674E+02 1.574E+17 3.636E-03 1.190E-07 1.845E-02 1.102E-05 2.000E-01 3.180E-07 5.815E-11 6.520E-04 2.063E-09 1.580E-16 1.057E-13 4.079E-11 9.126E-16
  3.125E+06 1.666E+02 1.418E+17 3.259E-03 1.111E-07 1.844E-02 1.098E-05 2.000E-01 3.752E-07 6.309E-11 6.677E-04 2.132E-09 1.256E-16 8.462E-14 3.929E-11 7.072E-16
  3.175E+06 1.657E+02 1.277E+17 2.919E-03 1.023E-07 1.843E-02 1.095E-05 2.000E-01 4.469E-07 6.905E-11 6.842E-04 2.199E-09 1.008E-16 6.852E-14 3.800E-11 5.482E-16
  3.225E+06 1.647E+02 1.150E+17 2.613E-03 9.337E-08 1.842E-02 1.091E-05 2.000E-01 5.382E-07 7.617E-11 7.018E-04 2.266E-09 8.184E-17 5.615E-14 3.685E-11 4.247E-16
  3.275E+06 1.638E+02 1.035E+17 2.338E-03 8.501E-08 1.842E-02 1.088E-05 2.000E-01 6.563E-07 8.465E-11 7.205E-04 2.339E-09 6.720E-17 4.660E-14 3.575E-11 3.289E-16
  3.325E+06 1.628E+02 9.304E+16 2.090E-03 7.756E-08 1.841E-02 1.084E-05 2.000E-01 8.105E-07 9.478E-11 7.403E-04 2.420E-09 5.588E-17 3.924E-14 3.464E-11 2.544E-16
  3.375E+06 1.619E+02 8.360E+16 1.868E-03 7.127E-08 1.840E-02 1.081E-05 2.000E-01 1.013E-06 1.068E-10 7.614E-04 2.509E-09 4.705E-17 3.356E-14 3.348E-11 1.965E-16
  3.425E+06 1.610E+02 7.505E+16 1.668E-03 6.625E-08 1.838E-02 1.077E-05 2.000E-01 1.277E-06 1.212E-10 7.838E-04 2.607E-09 4.008E-17 2.918E-14 3.227E-11 1.515E-16
  3.475E+06 1.603E+02 6.732E+16 1.489E-03 6.244E-08 1.837E-02 1.074E-05 2.000E-01 1.621E-06 1.382E-10 8.077E-04 2.713E-09 3.451E-17 2.579E-14 3.102E-11 1.165E-16
  3.525E+06 1.595E+02 6.032E+16 1.328E-03 5.988E-08 1.836E-02 1.070E-05 2.000E-01 2.062E-06 1.580E-10 8.332E-04 2.825E-09 3.000E-17 2.318E-14 2.974E-11 8.933E-17
  3.575E+06 1.589E+02 5.399E+16 1.184E-03 5.873E-08 1.835E-02 1.067E-05 2.000E-01 2.610E-06 1.805E-10 8.604E-04 2.945E-09 2.629E-17 2.116E-14 2.851E-11 6.858E-17
  3.625E+06 1.585E+02 4.826E+16 1.055E-03 5.944E-08 1.833E-02 1.063E-05 2.000E-01 3.275E-06 2.049E-10 8.890E-04 3.074E-09 2.315E-17 1.956E-14 2.738E-11 5.298E-17
  3.675E+06 1.582E+02 4.308E+16 9.404E-04 6.241E-08 1.832E-02 1.060E-05 2.000E-01 4.067E-06 2.303E-10 9.194E-04 3.215E-09 2.044E-17 1.827E-14 2.634E-11 4.129E-17
  3.725E+06 1.581E+02 3.841E+16 8.378E-04 6.823E-08 1.831E-02 1.056E-05 2.000E-01 4.996E-06 2.556E-10 9.517E-04 3.370E-09 1.808E-17 1.721E-14 2.541E-11 3.256E-17
  3.775E+06 1.581E+02 3.421E+16 7.464E-04 7.794E-08 1.829E-02 1.052E-05 2.000E-01 6.074E-06 2.793E-10 9.863E-04 3.541E-09 1.602E-17 1.633E-14 2.455E-11 2.604E-17
  3.825E+06 1.584E+02 3.042E+16 6.651E-04 9.334E-08 1.827E-02 1.049E-05 2.000E-01 7.312E-06 2.994E-10 1.023E-03 3.731E-09 1.417E-17 1.558E-14 2.376E-11 2.117E-17
  3.875E+06 1.590E+02 2.703E+16 5.929E-04 1.165E-07 1.825E-02 1.045E-05 2.000E-01 8.710E-06 3.139E-10 1.063E-03 3.941E-09 1.252E-17 1.491E-14 2.303E-11 1.753E-17
  3.925E+06 1.596E+02 2.400E+16 5.287E-04 1.488E-07 1.823E-02 1.041E-05 2.000E-01 1.027E-05 3.227E-10 1.105E-03 4.165E-09 1.106E-17 1.433E-14 2.236E-11 1.475E-17
  3.975E+06 1.604E+02 2.131E+16 4.717E-04 1.908E-07 1.821E-02 1.037E-05 2.000E-01 1.200E-05 3.265E-10 1.150E-03 4.402E-09 9.783E-18 1.382E-14 2.174E-11 1.258E-17
  4.025E+06 1.613E+02 1.893E+16 4.212E-04 2.381E-07 1.819E-02 1.033E-05 2.000E-01 1.391E-05 3.274E-10 1.198E-03 4.646E-09 8.653E-18 1.340E-14 2.121E-11 1.084E-17
  4.075E+06 1.621E+02 1.682E+16 3.762E-04 2.822E-07 1.817E-02 1.029E-05 2.000E-01 1.602E-05 3.284E-10 1.250E-03 4.883E-09 7.662E-18 1.310E-14 2.076E-11 9.393E-18
  4.125E+06 1.630E+02 1.496E+16 3.363E-04 3.237E-07 1.814E-02 1.025E-05 2.000E-01 1.833E-05 3.292E-10 1.306E-03 5.103E-09 6.799E-18 1.290E-14 2.038E-11 8.174E-18
  4.175E+06 1.638E+02 1.331E+16 3.008E-04 3.635E-07 1.812E-02 1.021E-05 2.000E-01 2.081E-05 3.293E-10 1.365E-03 5.293E-09 6.046E-18 1.280E-14 2.006E-11 7.135E-18
  4.225E+06 1.644E+02 1.186E+16 2.692E-04 4.021E-07 1.809E-02 1.017E-05 2.000E-01 2.344E-05 3.286E-10 1.428E-03 5.438E-09 5.396E-18 1.278E-14 1.977E-11 6.242E-18
  4.275E+06 1.650E+02 1.058E+16 2.410E-04 4.405E-07 1.806E-02 1.013E-05 2.000E-01 2.618E-05 3.260E-10 1.495E-03 5.533E-09 4.825E-18 1.283E-14 1.950E-11 5.475E-18
  4.325E+06 1.655E+02 9.449E+15 2.158E-04 4.796E-07 1.802E-02 1.008E-05 2.000E-01 2.898E-05 3.207E-10 1.565E-03 5.576E-09 4.320E-18 1.294E-14 1.924E-11 4.819E-18
  4.375E+06 1.659E+02 8.447E+15 1.933E-04 5.208E-07 1.799E-02 1.004E-05 2.000E-01 3.177E-05 3.122E-10 1.639E-03 5.562E-09 3.874E-18 1.309E-14 1.896E-11 4.258E-18
  4.425E+06 1.661E+02 7.557E+15 1.732E-04 5.657E-07 1.795E-02 9.995E-06 2.000E-01 3.449E-05 2.989E-10 1.716E-03 5.503E-09 3.476E-18 1.327E-14 1.866E-11 3.783E-18
  4.475E+06 1.663E+02 6.765E+15 1.553E-04 6.167E-07 1.792E-02 9.950E-06 2.000E-01 3.711E-05 2.795E-10 1.797E-03 5.419E-09 3.123E-18 1.345E-14 1.831E-11 3.381E-18
  4.525E+06 1.664E+02 6.058E+15 1.392E-04 6.766E-07 1.788E-02 9.904E-06 2.000E-01 3.959E-05 2.537E-10 1.884E-03 5.329E-09 2.814E-18 1.359E-14 1.792E-11 3.040E-18
  4.575E+06 1.666E+02 5.427E+15 1.247E-04 7.472E-07 1.783E-02 9.857E-06 2.000E-01 4.181E-05 2.222E-10 1.976E-03 5.250E-09 2.533E-18 1.365E-14 1.749E-11 2.757E-18
  4.625E+06 1.667E+02 4.861E+15 1.118E-04 8.298E-07 1.779E-02 9.809E-06 2.000E-01 4.371E-05 1.877E-10 2.071E-03 5.196E-09 2.273E-18 1.354E-14 1.704E-11 2.525E-18
  4.675E+06 1.669E+02 4.354E+15 1.003E-04 9.271E-07 1.774E-02 9.760E-06 2.000E-01 4.526E-05 1.524E-10 2.170E-03 5.187E-09 2.028E-18 1.324E-14 1.659E-11 2.333E-18
  4.725E+06 1.671E+02 3.900E+15 8.992E-05 1.042E-06 1.769E-02 9.710E-06 2.000E-01 4.645E-05 1.190E-10 2.274E-03 5.234E-09 1.800E-18 1.273E-14 1.619E-11 2.173E-18
  4.775E+06 1.673E+02 3.492E+15 8.064E-05 1.178E-06 1.764E-02 9.659E-06 2.000E-01 4.727E-05 8.967E-11 2.385E-03 5.341E-09 1.585E-18 1.201E-14 1.587E-11 2.035E-18
  4.825E+06 1.676E+02 3.127E+15 7.234E-05 1.336E-06 1.758E-02 9.605E-06 2.000E-01 4.775E-05 6.566E-11 2.502E-03 5.503E-09 1.382E-18 1.112E-14 1.564E-11 1.915E-18
  4.875E+06 1.680E+02 2.801E+15 6.491E-05 1.518E-06 1.752E-02 9.549E-06 2.000E-01 4.794E-05 4.718E-11 2.625E-03 5.700E-09 1.191E-18 1.012E-14 1.550E-11 1.806E-18
  4.925E+06 1.683E+02 2.509E+15 5.825E-05 1.724E-06 1.745E-02 9.492E-06 2.000E-01 4.790E-05 3.357E-11 2.756E-03 5.915E-09 1.014E-18 9.081E-15 1.544E-11 1.703E-18
  4.975E+06 1.686E+02 2.248E+15 5.229E-05 1.956E-06 1.738E-02 9.433E-06 2.000E-01 4.775E-05 2.381E-11 2.894E-03 6.135E-09 8.530E-19 8.073E-15 1.544E-11 1.604E-18
  5.025E+06 1.689E+02 2.015E+15 4.695E-05 2.216E-06 1.731E-02 9.372E-06 2.000E-01 4.759E-05 1.691E-11 3.042E-03 6.366E-09 7.102E-19 7.130E-15 1.547E-11 1.504E-18
  5.075E+06 1.691E+02 1.807E+15 4.216E-05 2.506E-06 1.723E-02 9.308E-06 2.000E-01 4.758E-05 1.208E-11 3.199E-03 6.631E-09 5.866E-19 6.271E-15 1.554E-11 1.403E-18
  5.125E+06 1.694E+02 1.620E+15 3.787E-05 2.830E-06 1.715E-02 9.241E-06 2.000E-01 4.784E-05 8.701E-12 3.368E-03 6.978E-09 4.819E-19 5.500E-15 1.562E-11 1.297E-18
  5.175E+06 1.696E+02 1.453E+15 3.401E-05 3.190E-06 1.706E-02 9.172E-06 2.000E-01 4.856E-05 6.332E-12 3.549E-03 7.474E-09 3.946E-19 4.811E-15 1.576E-11 1.187E-18
  5.225E+06 1.698E+02 1.304E+15 3.056E-05 3.593E-06 1.696E-02 9.100E-06 2.000E-01 4.993E-05 4.665E-12 3.744E-03 8.208E-09 3.230E-19 4.196E-15 1.595E-11 1.071E-18
  5.275E+06 1.701E+02 1.170E+15 2.746E-05 4.042E-06 1.686E-02 9.024E-06 2.000E-01 5.217E-05 3.485E-12 3.953E-03 9.276E-09 2.650E-19 3.646E-15 1.625E-11 9.518E-19
  5.325E+06 1.704E+02 1.050E+15 2.468E-05 4.542E-06 1.675E-02 8.945E-06 2.000E-01 5.555E-05 2.644E-12 4.178E-03 1.077E-08 2.184E-19 3.155E-15 1.667E-11 8.307E-19
  5.375E+06 1.707E+02 9.420E+14 2.219E-05 5.097E-06 1.664E-02 8.863E-06 2.000E-01 6.038E-05 2.040E-12 4.420E-03 1.277E-08 1.812E-19 2.719E-15 1.724E-11 7.108E-19
  5.425E+06 1.710E+02 8.454E+14 1.995E-05 5.712E-06 1.651E-02 8.777E-06 2.000E-01 6.706E-05 1.602E-12 4.680E-03 1.533E-08 1.517E-19 2.335E-15 1.798E-11 5.957E-19
  5.475E+06 1.713E+02 7.590E+14 1.794E-05 6.389E-06 1.638E-02 8.688E-06 2.000E-01 7.602E-05 1.283E-12 4.958E-03 1.848E-08 1.284E-19 2.004E-15 1.888E-11 4.887E-19
  5.525E+06 1.716E+02 6.816E+14 1.614E-05 7.126E-06 1.625E-02 8.596E-06 2.000E-01 8.781E-05 1.048E-12 5.257E-03 2.221E-08 1.102E-19 1.721E-15 1.992E-11 3.927E-19
  5.575E+06 1.717E+02 6.127E+14 1.452E-05 7.922E-06 1.610E-02 8.501E-06 2.000E-01 1.031E-04 8.748E-13 5.576E-03 2.652E-08 9.615E-20 1.489E-15 2.109E-11 3.095E-19
  5.625E+06 1.717E+02 5.512E+14 1.307E-05 8.769E-06 1.595E-02 8.404E-06 2.000E-01 1.226E-04 7.467E-13 5.919E-03 3.142E-08 8.552E-20 1.301E-15 2.233E-11 2.399E-19
  5.675E+06 1.716E+02 4.965E+14 1.175E-05 9.657E-06 1.579E-02 8.304E-06 2.000E-01 1.471E-04 6.527E-13 6.285E-03 3.690E-08 7.761E-20 1.154E-15 2.361E-11 1.834E-19
  5.725E+06 1.713E+02 4.474E+14 1.057E-05 1.057E-05 1.563E-02 8.202E-06 2.000E-01 1.777E-04 5.843E-13 6.676E-03 4.298E-08 7.173E-20 1.043E-15 2.486E-11 1.388E-19
  5.775E+06 1.709E+02 4.033E+14 9.510E-06 1.150E-05 1.546E-02 8.099E-06 2.000E-01 2.155E-04 5.359E-13 7.095E-03 4.968E-08 6.724E-20 9.626E-16 2.602E-11 1.046E-19
  5.825E+06 1.706E+02 3.632E+14 8.551E-06 1.241E-05 1.528E-02 7.995E-06 2.000E-01 2.615E-04 5.032E-13 7.543E-03 5.700E-08 6.353E-20 9.051E-16 2.704E-11 7.863E-20
  5.875E+06 1.704E+02 3.270E+14 7.688E-06 1.329E-05 1.510E-02 7.889E-06 2.000E-01 3.170E-04 4.887E-13 8.024E-03 6.501E-08 6.044E-20 8.721E-16 2.788E-11 5.929E-20
  5.925E+06 1.704E+02 2.940E+14 6.912E-06 1.411E-05 1.491E-02 7.782E-06 2.000E-01 3.831E-04 4.951E-13 8.539E-03 7.379E-08 5.776E-20 8.614E-16 2.849E-11 4.500E-20
  5.975E+06 1.704E+02 2.643E+14 6.215E-06 1.485E-05 1.471E-02 7.673E-06 2.000E-01 4.607E-04 5.386E-13 9.091E-03 8.359E-08 5.569E-20 8.856E-16 2.883E-11 3.454E-20
  6.025E+06 1.704E+02 2.376E+14 5.587E-06 1.549E-05 1.450E-02 7.563E-06 2.000E-01 5.502E-04 6.462E-13 9.681E-03 9.456E-08 5.413E-20 9.611E-16 2.879E-11 2.694E-20
  6.075E+06 1.704E+02 2.136E+14 5.024E-06 1.601E-05 1.429E-02 7.452E-06 2.000E-01 6.512E-04 8.673E-13 1.031E-02 1.067E-07 5.271E-20 1.117E-15 2.823E-11 2.147E-20
  6.125E+06 1.704E+02 1.921E+14 4.517E-06 1.639E-05 1.408E-02 7.340E-06 2.000E-01 7.625E-04 1.277E-12 1.098E-02 1.200E-07 5.067E-20 1.391E-15 2.698E-11 1.755E-20
  6.175E+06 1.704E+02 1.727E+14 4.061E-06 1.663E-05 1.385E-02 7.225E-06 2.000E-01 8.813E-04 1.961E-12 1.168E-02 1.340E-07 4.719E-20 1.811E-15 2.496E-11 1.475E-20
  6.225E+06 1.704E+02 1.553E+14 3.652E-06 1.673E-05 1.362E-02 7.108E-06 2.000E-01 1.004E-03 2.971E-12 1.242E-02 1.483E-07 4.191E-20 2.355E-15 2.233E-11 1.271E-20
  6.275E+06 1.704E+02 1.396E+14 3.283E-06 1.671E-05 1.338E-02 6.989E-06 2.000E-01 1.128E-03 4.284E-12 1.319E-02 1.627E-07 3.525E-20 2.935E-15 1.939E-11 1.119E-20
  6.325E+06 1.704E+02 1.256E+14 2.952E-06 1.657E-05 1.313E-02 6.866E-06 2.000E-01 1.249E-03 5.804E-12 1.399E-02 1.771E-07 2.813E-20 3.421E-15 1.648E-11 1.001E-20
  6.375E+06 1.704E+02 1.129E+14 2.655E-06 1.634E-05 1.288E-02 6.740E-06 2.000E-01 1.367E-03 7.394E-12 1.482E-02 1.918E-07 2.146E-20 3.709E-15 1.382E-11 9.049E-21
  6.425E+06 1.704E+02 1.015E+14 2.387E-06 1.604E-05 1.261E-02 6.611E-06 2.000E-01 1.481E-03 8.919E-12 1.567E-02 2.078E-07 1.578E-20 3.759E-15 1.153E-11 8.241E-21
  6.475E+06 1.704E+02 9.128E+13 2.146E-06 1.568E-05 1.234E-02 6.479E-06 2.000E-01 1.590E-03 1.028E-11 1.655E-02 2.271E-07 1.129E-20 3.602E-15 9.613E-12 7.542E-21
  6.525E+06 1.704E+02 8.208E+13 1.930E-06 1.528E-05 1.205E-02 6.342E-06 2.000E-01 1.696E-03 1.139E-11 1.745E-02 2.543E-07 7.933E-21 3.305E-15 8.047E-12 6.924E-21
  6.575E+06 1.704E+02 7.381E+13 1.736E-06 1.485E-05 1.176E-02 6.201E-06 2.000E-01 1.799E-03 1.224E-11 1.839E-02 3.005E-07 5.512E-21 2.945E-15 6.783E-12 6.373E-21
  6.625E+06 1.704E+02 6.638E+13 1.561E-06 1.441E-05 1.146E-02 6.056E-06 2.000E-01 1.899E-03 1.282E-11 1.935E-02 3.896E-07 3.816E-21 2.582E-15 5.772E-12 5.878E-21
  6.675E+06 1.704E+02 5.969E+13 1.404E-06 1.396E-05 1.114E-02 5.907E-06 2.000E-01 1.997E-03 1.314E-11 2.034E-02 5.680E-07 2.654E-21 2.256E-15 4.973E-12 5.432E-21
  6.725E+06 1.704E+02 5.368E+13 1.262E-06 1.350E-05 1.082E-02 5.752E-06 2.000E-01 2.094E-03 1.323E-11 2.137E-02 9.133E-07 1.869E-21 1.991E-15 4.351E-12 5.029E-21
  6.775E+06 1.704E+02 4.827E+13 1.135E-06 1.306E-05 1.048E-02 5.593E-06 2.000E-01 2.191E-03 1.314E-11 2.242E-02 1.535E-06 1.347E-21 1.797E-15 3.881E-12 4.666E-21
  6.825E+06 1.704E+02 4.341E+13 1.021E-06 1.261E-05 1.012E-02 5.424E-06 2.000E-01 2.292E-03 1.294E-11 2.355E-02 2.583E-06 9.972E-22 1.678E-15 3.533E-12 4.329E-21
  6.875E+06 1.704E+02 3.904E+13 9.181E-07 1.214E-05 9.719E-03 5.238E-06 2.000E-01 2.400E-03 1.273E-11 2.479E-02 4.235E-06 7.611E-22 1.638E-15 3.284E-12 4.008E-21
  6.925E+06 1.704E+02 3.511E+13 8.257E-07 1.165E-05 9.284E-03 5.034E-06 2.000E-01 2.515E-03 1.253E-11 2.614E-02 6.621E-06 6.071E-22 1.672E-15 3.122E-12 3.704E-21
  6.975E+06 1.704E+02 3.158E+13 7.426E-07 1.115E-05 8.813E-03 4.814E-06 2.000E-01 2.638E-03 1.235E-11 2.762E-02 9.787E-06 5.102E-22 1.771E-15 3.028E-12 3.419E-21
  7.025E+06 1.704E+02 2.840E+13 6.679E-07 1.063E-05 8.309E-03 4.577E-06 2.000E-01 2.767E-03 1.224E-11 2.923E-02 1.365E-05 4.510E-22 1.921E-15 2.978E-12 3.152E-21
  7.075E+06 1.704E+02 2.554E+13 6.007E-07 1.010E-05 7.777E-03 4.326E-06 2.000E-01 2.902E-03 1.220E-11 3.096E-02 1.798E-05 4.141E-22 2.100E-15 2.949E-12 2.906E-21
  7.125E+06 1.704E+02 2.298E+13 5.402E-07 9.554E-06 7.225E-03 4.062E-06 2.000E-01 3.038E-03 1.225E-11 3.282E-02 2.244E-05 3.877E-22 2.288E-15 2.914E-12 2.681E-21
  7.175E+06 1.704E+02 2.066E+13 4.859E-07 8.988E-06 6.661E-03 3.790E-06 2.000E-01 3.174E-03 1.241E-11 3.479E-02 2.664E-05 3.635E-22 2.463E-15 2.857E-12 2.476E-21
  7.225E+06 1.704E+02 1.859E+13 4.370E-07 8.405E-06 6.095E-03 3.513E-06 2.000E-01 3.306E-03 1.264E-11 3.687E-02 3.022E-05 3.363E-22 2.605E-15 2.766E-12 2.293E-21
  7.275E+06 1.704E+02 1.672E+13 3.931E-07 7.807E-06 5.536E-03 3.236E-06 2.000E-01 3.430E-03 1.295E-11 3.905E-02 3.292E-05 3.043E-22 2.699E-15 2.637E-12 2.129E-21
  7.325E+06 1.704E+02 1.504E+13 3.536E-07 7.198E-06 4.994E-03 2.962E-06 2.000E-01 3.544E-03 1.330E-11 4.131E-02 3.464E-05 2.680E-22 2.737E-15 2.474E-12 1.984E-21
  7.375E+06 1.704E+02 1.353E+13 3.180E-07 6.588E-06 4.475E-03 2.696E-06 2.000E-01 3.643E-03 1.367E-11 4.366E-02 3.536E-05 2.294E-22 2.716E-15 2.284E-12 1.855E-21
  7.425E+06 1.704E+02 1.217E+13 2.861E-07 5.985E-06 3.986E-03 2.440E-06 2.000E-01 3.726E-03 1.402E-11 4.607E-02 3.520E-05 1.909E-22 2.641E-15 2.078E-12 1.743E-21
  7.475E+06 1.704E+02 1.094E+13 2.573E-07 5.398E-06 3.531E-03 2.197E-06 2.000E-01 3.790E-03 1.432E-11 4.854E-02 3.432E-05 1.548E-22 2.519E-15 1.865E-12 1.644E-21
  7.525E+06 1.704E+02 9.844E+12 2.315E-07 4.835E-06 3.111E-03 1.969E-06 2.000E-01 3.834E-03 1.455E-11 5.106E-02 3.288E-05 1.225E-22 2.363E-15 1.654E-12 1.558E-21
  7.575E+06 1.704E+02 8.855E+12 2.082E-07 4.304E-06 2.729E-03 1.758E-06 2.000E-01 3.858E-03 1.469E-11 5.363E-02 3.106E-05 9.484E-23 2.183E-15 1.452E-12 1.482E-21
  7.625E+06 1.704E+02 7.965E+12 1.873E-07 3.809E-06 2.383E-03 1.562E-06 2.000E-01 3.862E-03 1.471E-11 5.624E-02 2.902E-05 7.206E-23 1.991E-15 1.264E-12 1.415E-21
  7.675E+06 1.704E+02 7.165E+12 1.685E-07 3.354E-06 2.073E-03 1.384E-06 2.000E-01 3.847E-03 1.462E-11 5.889E-02 2.686E-05 5.385E-23 1.796E-15 1.093E-12 1.357E-21
  7.725E+06 1.704E+02 6.446E+12 1.516E-07 2.939E-06 1.798E-03 1.222E-06 2.000E-01 3.813E-03 1.441E-11 6.157E-02 2.468E-05 3.967E-23 1.605E-15 9.400E-13 1.305E-21
  7.775E+06 1.704E+02 5.799E+12 1.364E-07 2.565E-06 1.554E-03 1.076E-06 2.000E-01 3.763E-03 1.409E-11 6.428E-02 2.254E-05 2.886E-23 1.424E-15 8.047E-13 1.260E-21
  7.825E+06 1.704E+02 5.217E+12 1.227E-07 2.231E-06 1.339E-03 9.450E-07 2.000E-01 3.699E-03 1.367E-11 6.702E-02 2.050E-05 2.077E-23 1.256E-15 6.866E-13 1.220E-21
  7.875E+06 1.704E+02 4.693E+12 1.104E-07 1.934E-06 1.151E-03 8.280E-07 2.000E-01 3.622E-03 1.315E-11 6.978E-02 1.857E-05 1.481E-23 1.102E-15 5.844E-13 1.184E-21
  7.925E+06 1.704E+02 4.222E+12 9.928E-08 1.672E-06 9.876E-04 7.240E-07 2.000E-01 3.535E-03 1.256E-11 7.257E-02 1.678E-05 1.049E-23 9.641E-16 4.967E-13 1.153E-21
  7.975E+06 1.704E+02 3.798E+12 8.932E-08 1.442E-06 8.455E-04 6.318E-07 2.000E-01 3.439E-03 1.191E-11 7.539E-02 1.513E-05 7.376E-24 8.419E-16 4.217E-13 1.125E-21
  8.025E+06 1.704E+02 3.417E+12 8.036E-08 1.240E-06 7.225E-04 5.506E-07 2.000E-01 3.337E-03 1.122E-11 7.822E-02 1.361E-05 5.161E-24 7.346E-16 3.581E-13 1.099E-21
  8.075E+06 1.704E+02 3.074E+12 7.229E-08 1.065E-06 6.164E-04 4.790E-07 2.000E-01 3.230E-03 1.050E-11 8.108E-02 1.223E-05 3.597E-24 6.412E-16 3.041E-13 1.076E-21
  8.125E+06 1.704E+02 2.766E+12 6.504E-08 9.131E-07 5.251E-04 4.162E-07 2.000E-01 3.119E-03 9.775E-12 8.395E-02 1.098E-05 2.499E-24 5.605E-16 2.585E-13 1.055E-21
  8.175E+06 1.704E+02 2.489E+12 5.852E-08 7.817E-07 4.468E-04 3.612E-07 2.000E-01 3.006E-03 9.047E-12 8.684E-02 9.855E-06 1.733E-24 4.910E-16 2.200E-13 1.036E-21
  8.225E+06 1.704E+02 2.239E+12 5.265E-08 6.683E-07 3.797E-04 3.132E-07 2.000E-01 2.893E-03 8.332E-12 8.975E-02 8.836E-06 1.200E-24 4.315E-16 1.876E-13 1.018E-21
  8.275E+06 1.704E+02 2.015E+12 4.737E-08 5.707E-07 3.223E-04 2.713E-07 2.000E-01 2.780E-03 7.638E-12 9.267E-02 7.919E-06 8.306E-25 3.807E-16 1.604E-13 1.000E-21
  8.325E+06 1.704E+02 1.813E+12 4.263E-08 4.868E-07 2.733E-04 2.348E-07 2.000E-01 2.668E-03 6.972E-12 9.561E-02 7.095E-06 5.753E-25 3.374E-16 1.374E-13 9.835E-22
  8.375E+06 1.704E+02 1.631E+12 3.835E-08 4.149E-07 2.316E-04 2.031E-07 2.000E-01 2.559E-03 6.339E-12 9.856E-02 6.354E-06 3.991E-25 3.006E-16 1.181E-13 9.671E-22
  8.425E+06 1.704E+02 1.468E+12 3.451E-08 3.534E-07 1.961E-04 1.755E-07 2.000E-01 2.451E-03 5.743E-12 1.015E-01 5.689E-06 2.775E-25 2.692E-16 1.018E-13 9.508E-22
  8.475E+06 1.704E+02 1.321E+12 3.105E-08 3.007E-07 1.660E-04 1.516E-07 2.000E-01 2.347E-03 5.187E-12 1.045E-01 5.092E-06 1.936E-25 2.425E-16 8.807E-14 9.344E-22
  8.525E+06 1.704E+02 1.188E+12 2.794E-08 2.558E-07 1.403E-04 1.309E-07 2.000E-01 2.246E-03 4.670E-12 1.075E-01 4.556E-06 1.356E-25 2.198E-16 7.649E-14 9.177E-22
  8.575E+06 1.704E+02 1.069E+12 2.514E-08 2.174E-07 1.186E-04 1.129E-07 2.000E-01 2.149E-03 4.194E-12 1.105E-01 4.076E-06 9.551E-26 2.004E-16 6.670E-14 9.005E-22
  8.625E+06 1.704E+02 9.622E+11 2.262E-08 1.847E-07 1.002E-04 9.743E-08 2.000E-01 2.056E-03 3.756E-12 1.135E-01 3.645E-06 6.770E-26 1.838E-16 5.841E-14 8.827E-22
  8.675E+06 1.704E+02 8.658E+11 2.036E-08 1.569E-07 8.460E-05 8.401E-08 2.000E-01 1.966E-03 3.357E-12 1.165E-01 3.259E-06 4.833E-26 1.696E-16 5.138E-14 8.641E-22
  8.725E+06 1.704E+02 7.791E+11 1.832E-08 1.332E-07 7.141E-05 7.242E-08 2.000E-01 1.881E-03 2.994E-12 1.195E-01 2.912E-06 3.479E-26 1.573E-16 4.539E-14 8.447E-22
  8.775E+06 1.704E+02 7.011E+11 1.649E-08 1.130E-07 6.025E-05 6.241E-08 2.000E-01 1.799E-03 2.664E-12 1.226E-01 2.601E-06 2.528E-26 1.467E-16 4.027E-14 8.244E-22
  8.825E+06 1.704E+02 6.310E+11 1.484E-08 9.590E-08 5.082E-05 5.377E-08 2.000E-01 1.722E-03 2.367E-12 1.256E-01 2.323E-06 1.855E-26 1.375E-16 3.589E-14 8.031E-22
  8.875E+06 1.704E+02 5.678E+11 1.335E-08 8.134E-08 4.285E-05 4.632E-08 2.000E-01 1.649E-03 2.100E-12 1.286E-01 2.072E-06 1.376E-26 1.295E-16 3.212E-14 7.808E-22
  8.925E+06 1.704E+02 5.110E+11 1.202E-08 6.898E-08 3.613E-05 3.990E-08 2.000E-01 1.579E-03 1.860E-12 1.317E-01 1.848E-06 1.032E-26 1.225E-16 2.885E-14 7.575E-22
  8.975E+06 1.704E+02 4.599E+11 1.081E-08 5.849E-08 3.045E-05 3.436E-08 2.000E-01 1.514E-03 1.645E-12 1.347E-01 1.647E-06 7.831E-27 1.163E-16 2.601E-14 7.333E-22
  9.025E+06 1.704E+02 4.139E+11 9.732E-09 4.958E-08 2.566E-05 2.958E-08 2.000E-01 1.452E-03 1.452E-12 1.378E-01 1.467E-06 6.009E-27 1.108E-16 2.353E-14 7.080E-22
  9.075E+06 1.704E+02 3.725E+11 8.758E-09 4.203E-08 2.162E-05 2.547E-08 2.000E-01 1.393E-03 1.281E-12 1.409E-01 1.306E-06 4.663E-27 1.059E-16 2.135E-14 6.820E-22
  9.125E+06 1.704E+02 3.352E+11 7.883E-09 3.562E-08 1.821E-05 2.193E-08 2.000E-01 1.338E-03 1.128E-12 1.439E-01 1.161E-06 3.658E-27 1.015E-16 1.941E-14 6.552E-22
  9.175E+06 1.704E+02 3.017E+11 7.094E-09 3.019E-08 1.534E-05 1.888E-08 2.000E-01 1.286E-03 9.929E-13 1.470E-01 1.032E-06 2.899E-27 9.750E-17 1.768E-14 6.277E-22
  9.225E+06 1.704E+02 2.715E+11 6.385E-09 2.559E-08 1.292E-05 1.625E-08 2.000E-01 1.238E-03 8.726E-13 1.501E-01 9.157E-07 2.320E-27 9.388E-17 1.614E-14 5.998E-22
  9.275E+06 1.704E+02 2.444E+11 5.747E-09 2.169E-08 1.088E-05 1.400E-08 2.000E-01 1.192E-03 7.660E-13 1.532E-01 8.122E-07 1.872E-27 9.057E-17 1.474E-14 5.715E-22
  9.325E+06 1.704E+02 2.200E+11 5.172E-09 1.838E-08 9.167E-06 1.205E-08 2.000E-01 1.150E-03 6.717E-13 1.562E-01 7.198E-07 1.523E-27 8.753E-17 1.347E-14 5.431E-22
  9.375E+06 1.704E+02 1.980E+11 4.656E-09 1.559E-08 7.723E-06 1.039E-08 2.000E-01 1.111E-03 5.883E-13 1.593E-01 6.374E-07 1.248E-27 8.472E-17 1.231E-14 5.148E-22
  9.425E+06 1.704E+02 1.782E+11 4.190E-09 1.322E-08 6.509E-06 8.954E-09 2.000E-01 1.074E-03 5.148E-13 1.624E-01 5.641E-07 1.029E-27 8.211E-17 1.124E-14 4.868E-22
  9.475E+06 1.704E+02 1.604E+11 3.772E-09 1.123E-08 5.490E-06 7.726E-09 2.000E-01 1.040E-03 4.500E-13 1.655E-01 4.991E-07 8.537E-28 7.967E-17 1.027E-14 4.593E-22
  9.525E+06 1.704E+02 1.444E+11 3.395E-09 9.542E-09 4.635E-06 6.675E-09 2.000E-01 1.009E-03 3.931E-13 1.686E-01 4.415E-07 7.115E-28 7.739E-17 9.370E-15 4.325E-22
  9.575E+06 1.704E+02 1.300E+11 3.056E-09 8.124E-09 3.919E-06 5.779E-09 2.000E-01 9.801E-04 3.430E-13 1.717E-01 3.909E-07 5.957E-28 7.524E-17 8.543E-15 4.068E-22
  9.625E+06 1.704E+02 1.170E+11 2.751E-09 6.937E-09 3.323E-06 5.018E-09 2.000E-01 9.542E-04 2.991E-13 1.748E-01 3.467E-07 5.008E-28 7.321E-17 7.783E-15 3.824E-22
  9.675E+06 1.704E+02 1.053E+11 2.476E-09 5.948E-09 2.830E-06 4.377E-09 2.000E-01 9.310E-04 2.607E-13 1.779E-01 3.084E-07 4.227E-28 7.128E-17 7.087E-15 3.595E-22
  9.725E+06 1.704E+02 9.479E+10 2.229E-09 5.133E-09 2.425E-06 3.842E-09 2.000E-01 9.106E-04 2.271E-13 1.810E-01 2.758E-07 3.583E-28 6.945E-17 6.453E-15 3.386E-22
  9.775E+06 1.704E+02 8.533E+10 2.006E-09 4.472E-09 2.098E-06 3.404E-09 2.000E-01 8.930E-04 1.978E-13 1.841E-01 2.487E-07 3.054E-28 6.771E-17 5.885E-15 3.199E-22
  9.825E+06 1.704E+02 7.681E+10 1.806E-09 3.952E-09 1.841E-06 3.056E-09 2.000E-01 8.785E-04 1.723E-13 1.873E-01 2.269E-07 2.624E-28 6.604E-17 5.387E-15 3.039E-22
  9.875E+06 1.704E+02 6.915E+10 1.626E-09 3.561E-09 1.649E-06 2.793E-09 2.000E-01 8.671E-04 1.501E-13 1.904E-01 2.106E-07 2.285E-28 6.443E-17 4.971E-15 2.909E-22
  9.925E+06 1.704E+02 6.225E+10 1.464E-09 3.298E-09 1.520E-06 2.614E-09 2.000E-01 8.592E-04 1.309E-13 1.935E-01 1.996E-07 2.037E-28 6.277E-17 4.656E-15 2.816E-22
  9.975E+06 1.704E+02 5.604E+10 1.318E-09 3.162E-09 1.453E-06 2.522E-09 2.000E-01 8.550E-04 1.149E-13 1.966E-01 1.942E-07 1.896E-28 6.054E-17 4.476E-15 2.765E-22
