 1258.0   7.304E+06
 1325.0   5.707E+06
 1375.0   4.116E+06
 1425.0   3.606E+06
 1475.0   2.981E+06
 1525.0   1.875E+06
 1575.0   1.078E+06
 1625.0   6.170E+05
 1675.0   3.616E+05
 1727.0   1.860E+05
 1762.0   1.493E+05
 1778.0   1.071E+05
 1794.0   7.599E+04
 1810.0   4.805E+04
 1826.5   2.620E+04
 1843.5   1.156E+04
 1860.5   3.992E+03
 1878.0   1.339E+03
 1896.0   5.872E+02
 1914.0   2.677E+02
 1932.5   1.382E+02
 1951.5   7.773E+01
 1970.5   3.946E+01
 1990.0   2.072E+01
 2010.0   1.261E+01
 2030.5   9.861E+00
 2051.5   9.036E+00
 2072.5   8.562E+00
 2094.0   8.176E+00
 2116.5   7.810E+00
 2139.5   7.455E+00
 2162.5   7.126E+00
 2187.0   6.813E+00
 2211.0   6.466E+00
 2234.5   6.181E+00
 2260.0   5.885E+00
 2286.0   5.600E+00
 2312.5   5.331E+00
 2339.5   5.070E+00
 2367.0   4.829E+00
 2395.5   4.596E+00
 2424.5   4.374E+00
 2454.0   4.167E+00
 2484.5   3.969E+00
 2516.0   3.778E+00
 2548.0   3.595E+00
 2580.5   3.425E+00
 2614.5   3.261E+00
 2649.5   3.100E+00
 2685.0   2.951E+00
 2721.5   2.807E+00
 2759.0   2.671E+00
 2797.5   2.541E+00
 2837.0   2.416E+00
 2878.0   2.298E+00
 2920.0   2.183E+00
 2963.0   2.075E+00
 3007.5   1.972E+00
 3053.5   1.874E+00
 3101.0   1.780E+00
 3150.0   1.691E+00
 3200.0   1.606E+00
 3250.0   1.527E+00
 3300.0   1.455E+00
 3350.0   1.389E+00
 3400.0   1.327E+00
 3437.5   1.270E+00
 3500.0   1.243E+00
 3600.0   1.074E+00
 3700.0   9.847E-01
 3800.0   9.065E-01
 3900.0   8.377E-01
 4000.0   7.769E-01
 4100.0   7.230E-01
 4200.0   6.751E-01
 4300.0   6.323E-01
 4400.0   5.939E-01
 4500.0   5.594E-01
 4600.0   5.284E-01
 4700.0   5.004E-01
 4800.0   4.750E-01
 4900.0   4.520E-01
 5000.0   4.310E-01
 5100.0   4.120E-01
 5200.0   3.946E-01
 5300.0   3.787E-01
 5400.0   3.641E-01
 5500.0   3.508E-01
 5600.0   3.385E-01
 5700.0   3.272E-01
 5800.0   3.169E-01
 5900.0   3.073E-01
 6000.0   2.985E-01
 6100.0   2.903E-01
 6200.0   2.828E-01
 6300.0   2.758E-01
 6400.0   2.693E-01
 6500.0   2.633E-01
 6600.0   2.577E-01
 6700.0   2.525E-01
 6800.0   2.477E-01
 6900.0   2.431E-01
 7000.0   2.389E-01
 7100.0   2.350E-01
 7200.0   2.314E-01
 7300.0   2.279E-01
 7400.0   2.247E-01
 7500.0   2.217E-01
 7600.0   2.189E-01
 7700.0   2.163E-01
 7800.0   2.138E-01
 7900.0   2.115E-01
 8000.0   2.093E-01
 8100.0   2.072E-01
 8200.0   2.053E-01
 8300.0   2.035E-01
 8400.0   2.018E-01
 8500.0   2.002E-01
